$ time tokei firefox-58.0.1/
-------------------------------------------------------------------------------
 Language            Files        Lines         Code     Comments       Blanks
-------------------------------------------------------------------------------
 Ada                    10         2840         1681          560          599
 Assembly              497       281559       235805        15038        30716
 Autoconf              417        59137        43862         7533         7742
 BASH                    3          342          257           43           42
 Batch                  48         4005         3380          101          524
 C                    3761      2567794      1864710       402801       300283
 C Header            14258      3034649      1830164       782437       422048
 CMake                  72        10811         7263         2009         1539
 C#                      9         1615          879          506          230
 C Shell                 2           72           34           14           24
 CoffeeScript            4           64           34           12           18
 C++                 11055      5812950      4449843       607276       755831
 C++ Header             92        41014        32622         4627         3765
 CSS                  1401       123014        95702         8047        19265
 D                       1           34            8           22            4
 Dockerfile             76         1983         1290          320          373
 Emacs Lisp              2          338          258           38           42
 Elm                     2          542          399           29          114
 Fish                    2          152           94           26           32
 GLSL                 2952       144792        57711        68029        19052
 Go                      2          485          314          101           70
 Handlebars             17          212          211            0            1
 Happy                   3         2008         2008            0            0
 HTML                62132      3479735      2955995       140901       382839
 Java                 2872       511312       324521       120016        66775
 JavaScript          55028      5576166      3572186      1199464       804516
 JSON                 1078       803571       803571            0            0
 JSX                     6          886          706           62          118
 Makefile              723        46698        25789        12197         8712
 Markdown              572        62395        62395            0            0
 Module-Definition      52         5118         3865         1173           80
 MSBuild                 3          223          165           48           10
 Objective C            60         4055         2889          527          639
 Objective C++         238        73816        54479         8071        11266
 Org                     2           54           42            0           12
 Pascal                  5         1569         1122          210          237
 Perl                   96        21520        15188         2987         3345
 PHP                     2          864          440          284          140
 Prolog                  1           17           15            0            2
 Protocol Buffers       24         5184         1988         2466          730
 Python               4165       787017       592691        66138       128188
 R                       1           38           12           18            8
 Rakefile                1           11            9            0            2
 ReStructuredText      388        51423        51423            0            0
 Ruby                    4          181          153            5           23
 Rust                 3250      1095452       833476       163020        98956
 Sass                    6          215          157           16           42
 Scala                   1          195          164            2           29
 Scons                   1           25           18            1            6
 Shell                 652        91256        64023        15520        11713
 SVG                  3885       152642       126545        18540         7557
 Swift                   1            9            7            0            2
 TeX                     2        11081         6860         3236          985
 Plain Text           2992      1444524      1444524            0            0
 TOML                  445        10738         8291         1102         1345
 TypeScript             21        32983        28256         4544          183
 Vim Script              5            5            5            0            0
 XML                  2259       225666       204439         6691        14536
 YAML                  154        34415        31155          560         2700
-------------------------------------------------------------------------------
 Total              175813     26621471     19846093      3667368      3108010
-------------------------------------------------------------------------------
22.36user 4.79system 0:07.61elapsed 356%CPU (0avgtext+0avgdata 136184maxresident)k
1864920inputs+0outputs (0major+48004minor)pagefaults 0swaps
